DIV
120.905
112.694
111.683
110.824
104.797
94.571
89.898
97.058
98.493
94.785
98.941
94.435
105.794
100.692
98.347
102.024
106.023
101.37
97.769
97.542
97.798
100.186
91.861
92.048
92.299
85.694
85.784
80.367
80.893
74.384
75.59
83.595
86.768
81.841
84.788
80.972
81.548
79.875
87.131
88.595
89.362
85.434
82.116
81.88
83.531
71.011
82.836
82.371
83.977
89.636
89.964
91.961
89.039
82.065
80.79
77.22
75.008
79.572
76.95
75.111
74.819
73.701
77.583
76.947
75.484
68.704
59.1
62.685
61.882
56.854
53.439
53.68
56.8
55.965
66.07
62.882
57.741
49.865
49.034
47.808
51.487
45.163
45.831
45.609
44.827
45.009
59.517
62.418
57.516
50.505
47.779
44.686
45.992
45.226
41.619
41.032
41.8
40.111
47.965
47.764
45.067
43.624
43.569
41.553
45.133
