SALES
5065
4945
4735
5110
5039
5057
5026
5077
5033
5084
5021
4906
5080
5178
5063
4955
5088
5048
4877
4973
4910
4910
4813
5057
4925
4783
4891
4906
4793
4559
4653
4746
4708
4702
4763
4614
4789
4728
4799
4863
4829
4729
4893
4629
4685
4689
4687
4798
4755
4789
4759
4738
4821
4898
4594
4784
4790
4727
4845
4754
4747
4848
4973
4906
4849
4753
4785
4709
4735
4789
4682
4994
4864
4968
4677
4877
4705
4869
4858
4796
4950
4807
4788
4720
4708
4839
4831
4907
4813
4872
4876
4720
4976
4892
4961
5014
4957
4929
5035
4881
5136
4989
5176
5236
5161
5213
5080
5168
5255
5207
5156
5116
5148
5257
5150
5165
5042
5162
5266
5344
5343
5111
5262
5281
5221
5257
5162
5277
5207
5068
5118
5274
5166
5257
5312
5260
5225
5191
5294
5147
5230
5188
4977
4961
5130
5060
5151
5296
5339
5326
5327
5287
5455
5428
5278
5327
5143
5229
4981
5255
5119
5111
5118
5188
5222
5242
5153
5049
5085
5134
5036
5075
4962
5025
5038
5017
5008
5194
5173
5242
5089
5156
5262
5193
4983
5135
4926
4949
5126
5115
5190
5161
5133
5047
5257
5174
5100
5226
5285
5416
5251
5245
5225
5211
5195
5185
5346
5197
5196
5283
5359
5220
5212
5292
5365
5284
5155
5404
5454
5304
5337
5164
5318
5448
5195
5208
5186
5153
4988
5149
4969
5050
5111
5059
5159
5107
5044
5144
5065
5266
5167
5253
5227
4915
4944
4976
5023
4776
5001
4888
4846
4732
4672
4757
4805
4567
4582
4691
4616
4858
4863
4854
4822
4850
4764
4865
4979
5006
4865
4748
4826
4876
4987
4781
4890
4893
4999
4931
4897
4802
4813
4805
5060
5176
5024
4929
4789
4949
4812
5100
4886
4946
5321
5000
5092
4965
5060
4954
5010
4976
