PGAS
1397
1470
1614
1721
1773
1885
1966
1961
1974
1962
1867
1849
1870
1891
1911
1933
1990
2068
2155
2289
2337
2351
2330
2295
2273
2264
2217
2191
2206
2292
2394
2432
2450
2447
2438
2422
2399
2404
2456
2495
2545
2589
2612
2605
2596
2575
2563
2558
2551
2528
2520
2530
2555
2605
2664
2713
2751
2781
2775
2827
2870
2923
2999
3130
3316
3493
3710
3977
4221
4392
4883
4596
4811
5175
5604
5854
5955
5986
6011
6029
5996
5915
5908
5961
6075
6329
6832
6947
6904
6856
6774
6684
6664
6661
6617
6577
6517
6423
6211
5786
5557
5827
6288
6363
6284
6172
6110
6007
