tbill	msft	sp500	ge	ford	day	month	year
4.55	3.42	463.68	6.74	7.92	19	8	94
4.54	3.4	462.32	6.72	7.85	22	8	94
4.57	3.46	464.51	6.86	7.88	23	8	94
4.53	3.47	469.03	6.94	8.15	24	8	94
4.55	3.5	468.08	6.99	7.95	25	8	94
4.54	3.54	473.8	7.15	8.12	26	8	94
4.56	3.55	474.59	7.08	8.12	29	8	94
4.59	3.64	476.07	7.04	8.15	30	8	94
4.56	3.62	475.49	7.01	7.79	31	8	94
4.54	3.5	473.17	7.08	7.99	1	9	94
4.56	3.49	470.99	7.04	7.88	2	9	94
4.55	3.49	471.86	6.95	7.99	6	9	94
4.54	3.54	470.99	6.9	7.88	7	9	94
4.54	3.61	473.14	6.92	7.85	8	9	94
4.57	3.54	468.18	6.92	7.79	9	9	94
4.58	3.5	466.21	6.92	7.72	12	9	94
4.6	3.59	467.51	6.97	7.65	13	9	94
4.58	3.59	468.8	7.08	7.75	14	9	94
4.58	3.63	474.81	7.23	7.69	15	9	94
4.62	3.54	471.19	7.18	7.62	16	9	94
4.58	3.54	470.85	7.11	7.45	19	9	94
4.61	3.49	463.36	6.97	7.39	20	9	94
4.81	3.57	461.46	6.97	7.32	21	9	94
4.78	3.55	461.27	6.92	7.19	22	9	94
4.78	3.49	459.67	6.86	7.09	23	9	94
4.77	3.46	460.82	6.99	7.09	26	9	94
4.73	3.52	462.05	6.92	7.42	27	9	94
4.52	3.55	464.84	6.92	7.45	28	9	94
4.56	3.52	462.24	6.92	7.32	29	9	94
4.67	3.5	462.71	6.83	7.39	30	9	94
4.72	3.48	461.74	6.76	7.32	3	10	94
4.94	3.43	454.59	6.67	7.22	4	10	94
4.96	3.46	453.52	6.72	7.35	5	10	94
4.95	3.4	452.36	6.67	7.25	6	10	94
4.87	3.39	455.1	6.63	7.25	7	10	94
4.86	3.48	465.79	6.86	7.82	11	10	94
4.98	3.5	465.47	7.11	7.72	12	10	94
4.9	3.57	467.79	7.09	7.69	13	10	94
4.85	3.49	469.1	7.15	7.82	14	10	94
4.85	3.43	468.96	7.15	7.75	17	10	94
4.89	3.53	467.66	7.08	7.72	18	10	94
4.91	3.59	470.28	7.13	7.82	19	10	94
5	3.71	466.85	6.95	7.65	20	10	94
5	3.7	464.89	6.72	7.69	21	10	94
5.02	3.67	460.83	6.79	7.62	24	10	94
5.05	3.72	461.53	6.77	7.79	25	10	94
5	3.8	462.62	6.79	7.86	26	10	94
4.97	3.84	465.85	6.83	7.79	27	10	94
5.01	3.87	473.77	7.01	7.96	28	10	94
5.02	3.92	472.35	6.93	7.92	31	10	94
5.08	3.91	468.42	6.88	7.79	1	11	94
5.08	3.92	466.51	6.84	7.82	2	11	94
5.09	3.9	467.91	6.88	7.96	3	11	94
5.17	3.83	462.28	6.81	7.75	4	11	94
5.22	3.86	463.07	6.84	7.82	7	11	94
5.23	3.96	465.65	6.97	7.72	8	11	94
5.18	3.97	465.4	6.92	7.62	9	11	94
5.22	3.97	464.37	6.92	7.69	10	11	94
5.23	3.88	462.35	6.92	7.65	11	11	94
5.29	4.02	466.04	6.92	7.79	14	11	94
5.36	4.02	465.03	6.92	7.72	15	11	94
5.37	4.03	465.62	6.99	7.72	16	11	94
5.35	4	463.57	6.92	7.62	17	11	94
5.34	3.99	461.47	6.92	7.49	18	11	94
5.34	3.96	458.3	6.72	7.49	21	11	94
5.34	3.86	450.09	6.6	7.22	22	11	94
5.29	3.83	449.93	6.56	7.32	23	11	94
5.28	3.88	452.29	6.56	7.39	25	11	94
5.37	3.95	454.16	6.7	7.22	28	11	94
5.52	3.99	455.17	6.61	7.25	29	11	94
5.55	3.92	453.69	6.53	7.28	30	11	94
5.55	3.9	448.92	6.47	7.25	1	12	94
5.62	3.94	453.3	6.69	7.32	2	12	94
5.79	3.94	453.32	6.65	7.42	5	12	94
5.78	3.95	453.11	6.6	7.35	6	12	94
5.7	3.92	451.23	6.72	7.22	7	12	94
5.67	3.89	445.45	6.54	7.08	8	12	94
5.65	3.93	446.96	6.65	6.98	9	12	94
5.72	3.93	449.47	6.72	6.92	12	12	94
5.78	3.91	450.15	6.79	7.02	13	12	94
5.66	3.94	454.97	6.92	7.05	14	12	94
5.53	3.96	455.34	6.95	7.02	15	12	94
5.54	3.95	458.8	7.13	7.08	16	12	94
5.55	3.9	457.91	7.09	7.05	19	12	94
5.47	3.73	457.1	7.06	7.05	20	12	94
5.41	3.83	459.61	7.08	7.15	21	12	94
5.45	3.78	459.68	7.16	7.18	22	12	94
5.52	3.79	459.83	7.12	7.25	23	12	94
5.52	3.78	462.47	7.33	7.45	27	12	94
5.51	3.8	460.86	7.31	7.32	28	12	94
5.5	3.85	461.17	7.38	7.49	29	12	94
5.53	3.81	459.27	7.29	7.49	30	12	94
5.52	3.75	459.11	7.29	7.49	3	1	95
5.69	3.78	460.71	7.29	7.69	4	1	95
5.71	3.71	460.34	7.31	7.62	5	1	95
5.74	3.78	460.68	7.28	7.62	6	1	95
5.75	3.75	460.83	7.21	7.75	9	1	95
5.74	3.8	461.68	7.26	7.62	10	1	95
5.65	3.82	461.66	7.37	7.62	11	1	95
5.61	3.82	461.64	7.35	7.55	12	1	95
5.56	3.91	465.97	7.44	7.69	13	1	95
5.56	3.99	469.38	7.53	7.79	16	1	95
5.61	4.03	470.05	7.44	7.72	17	1	95
5.72	4.05	469.71	7.47	7.59	18	1	95
5.71	3.96	466.95	7.29	7.39	19	1	95
5.74	3.84	464.78	7.29	7.08	20	1	95
5.75	3.91	465.82	7.19	7.05	23	1	95
5.8	3.86	465.86	7.21	6.99	24	1	95
5.77	3.85	467.44	7.26	7.09	25	1	95
5.76	3.73	468.32	7.29	6.88	26	1	95
5.75	3.73	470.39	7.22	6.88	27	1	95
5.72	3.68	468.51	7.31	6.71	30	1	95
5.84	3.7	470.42	7.37	6.85	31	1	95
5.88	3.68	470.4	7.31	6.81	1	2	95
5.84	3.68	472.79	7.33	6.95	2	2	95
5.79	3.75	478.65	7.46	6.99	3	2	95
5.79	3.79	481.14	7.44	6.95	6	2	95
5.8	3.8	480.81	7.44	6.88	7	2	95
5.76	3.86	481.19	7.44	6.92	8	2	95
5.77	3.86	480.19	7.47	6.85	9	2	95
5.8	3.86	481.46	7.46	7.02	10	2	95
5.78	3.86	481.65	7.53	6.99	13	2	95
5.79	3.86	482.55	7.53	7.09	14	2	95
5.76	3.78	484.54	7.67	7.09	15	2	95
5.68	3.79	485.22	7.74	7.11	16	2	95
5.69	3.76	481.97	7.67	7.12	17	2	95
5.73	3.72	482.72	7.71	7.12	21	2	95
5.68	3.83	485.07	7.88	7.22	22	2	95
5.7	3.84	486.91	7.92	7.22	23	2	95
5.72	3.82	488.11	7.83	7.26	24	2	95
5.72	3.85	483.81	7.67	7.05	27	2	95
5.75	3.92	487.39	7.83	7.09	28	2	95
5.75	3.94	485.65	7.8	6.95	1	3	95
5.74	3.97	485.13	7.66	6.88	2	3	95
5.71	3.96	485.42	7.64	6.95	3	3	95
5.74	4.01	485.63	7.6	6.92	6	3	95
5.78	4.07	482.12	7.58	6.92	7	3	95
5.77	4.27	483.14	7.67	6.88	8	3	95
5.73	4.23	483.16	7.67	6.99	9	3	95
5.76	4.27	489.57	7.89	7.22	10	3	95
5.74	4.3	490.05	7.87	7.29	13	3	95
5.74	4.47	492.89	7.93	7.12	14	3	95
5.74	4.39	491.88	7.75	7.09	15	3	95
5.73	4.37	495.41	7.91	7.05	16	3	95
5.73	4.36	495.52	7.82	6.99	17	3	95
5.72	4.43	496.14	7.8	6.88	20	3	95
5.73	4.39	495.07	7.84	6.88	21	3	95
5.72	4.42	495.67	7.87	6.81	22	3	95
5.69	4.53	495.95	7.85	6.81	23	3	95
5.66	4.6	500.97	7.93	6.92	24	3	95
5.66	4.55	503.2	7.87	7.05	27	3	95
5.69	4.59	503.9	7.91	7.05	28	3	95
5.66	4.5	503.12	7.93	7.22	29	3	95
5.68	4.49	502.22	7.89	7.53	30	3	95
5.7	4.43	500.71	7.78	7.29	31	3	95
5.69	4.36	501.85	7.87	7.36	3	4	95
5.72	4.35	505.24	7.91	7.22	4	4	95
5.69	4.4	505.57	7.91	7.19	5	4	95
5.65	4.36	506.08	7.96	7.36	6	4	95
5.67	4.34	506.42	7.91	7.32	7	4	95
5.65	4.42	507.01	7.93	7.29	10	4	95
5.65	4.49	505.53	7.89	7.26	11	4	95
5.64	4.46	507.17	7.89	7.49	12	4	95
5.59	4.52	509.23	7.93	7.39	13	4	95
5.6	4.82	506.13	7.76	7.32	17	4	95
5.6	4.78	505.37	7.78	7.36	18	4	95
5.6	4.74	504.92	7.89	7.53	19	4	95
5.59	4.69	505.29	7.78	7.42	20	4	95
5.61	4.67	508.49	7.93	7.32	21	4	95
5.62	4.84	512.89	8	7.39	24	4	95
5.66	4.98	512.1	8.03	7.46	25	4	95
5.67	4.96	512.66	8.05	7.41	26	4	95
5.68	4.9	513.55	8.12	7.37	27	4	95
5.69	5.09	514.71	8.07	7.44	28	4	95
5.7	5.12	514.26	8.12	7.41	1	5	95
5.69	4.96	514.86	8.11	7.3	2	5	95
5.65	5.04	520.48	8.16	7.27	3	5	95
5.58	5.08	520.54	8.23	7.13	4	5	95
5.56	4.98	520.12	8.27	7.27	5	5	95
5.57	4.98	523.96	8.43	7.34	8	5	95
5.62	4.97	523.56	8.45	7.44	9	5	95
5.63	4.94	524.36	8.52	7.78	10	5	95
5.66	5.07	524.37	8.41	7.54	11	5	95
5.69	5.03	525.55	8.5	7.82	12	5	95
5.69	5.07	527.74	8.3	8.06	15	5	95
5.69	5.29	528.19	8.2	8.06	16	5	95
5.67	5.36	527.07	8.29	7.96	17	5	95
5.69	5.27	519.58	8.14	7.75	18	5	95
5.68	5.32	519.19	8.14	7.85	19	5	95
5.72	5.44	523.65	8.23	7.92	22	5	95
5.72	5.51	528.59	8.3	8.09	23	5	95
5.69	5.45	528.61	8.23	7.92	24	5	95
5.66	5.56	528.59	8.14	7.89	25	5	95
5.66	5.45	523.65	8.12	7.78	26	5	95
5.64	5.17	523.58	8.16	7.78	30	5	95
5.63	5.28	533.4	8.36	8.03	31	5	95
5.51	5.24	533.49	8.36	8.23	1	6	95
5.42	5.18	532.51	8.18	8.23	2	6	95
5.51	5.28	535.6	8.34	8.37	5	6	95
5.53	5.18	535.55	8.3	8.23	6	6	95
5.56	5.23	533.13	8.27	8.23	7	6	95
5.59	5.24	532.35	8.2	8.23	8	6	95
5.59	5.29	527.94	8.02	8.13	9	6	95
5.56	5.22	530.88	8.18	8.2	12	6	95
5.44	5.23	536.05	8.29	8.16	13	6	95
5.44	5.22	536.47	8.32	8.16	14	6	95
5.47	5.29	537.12	8.32	8.13	15	6	95
5.49	5.42	539.83	8.27	8.09	16	6	95
5.46	5.6	545.22	8.34	8.2	19	6	95
5.48	5.69	544.98	8.25	8.37	20	6	95
5.43	5.64	543.98	8.23	8.47	21	6	95
5.36	5.72	551.07	8.25	8.4	22	6	95
5.37	5.68	549.71	8.23	8.37	23	6	95
5.37	5.59	544.13	8.2	8.33	26	6	95
5.37	5.41	542.43	8.18	8.3	27	6	95
5.4	5.47	544.73	8.18	8.3	28	6	95
5.5	5.57	543.87	8.07	8.2	29	6	95
5.43	5.63	544.75	8.18	8.16	30	6	95
5.44	5.67	547.09	8.28	8.33	3	7	95
5.5	5.65	547.26	8.38	8.44	5	7	95
5.37	5.78	553.99	8.56	8.78	6	7	95
5.36	5.96	556.37	8.71	8.88	7	7	95
5.35	6.16	557.19	8.67	9.02	10	7	95
5.38	6.01	554.78	8.56	8.85	11	7	95
5.38	6.22	560.89	8.58	8.95	12	7	95
5.38	6.24	561	8.49	8.88	13	7	95
5.43	6.46	559.89	8.44	8.78	14	7	95
5.44	6.79	562.72	8.64	8.78	17	7	95
5.44	6.35	558.46	8.56	8.51	18	7	95
5.41	5.89	550.98	8.44	8.26	19	7	95
5.43	5.99	553.54	8.62	7.96	20	7	95
5.43	5.73	553.62	8.69	7.92	21	7	95
5.44	5.83	556.63	8.66	7.89	24	7	95
5.44	6	561.1	8.66	8.2	25	7	95
5.45	5.98	561.61	8.6	8.09	26	7	95
5.4	6.01	565.22	8.6	8.16	27	7	95
5.41	5.77	562.93	8.53	8.03	28	7	95
5.42	5.64	562.06	8.56	8.04	31	7	95
5.44	5.58	559.64	8.51	7.94	1	8	95
5.41	5.54	558.8	8.33	7.97	2	8	95
5.41	5.68	558.75	8.33	7.9	3	8	95
5.4	5.85	558.94	8.37	7.97	4	8	95
5.39	5.83	560.03	8.53	8.04	7	8	95
5.38	5.83	560.39	8.56	8.04	8	8	95
5.38	6.01	559.71	8.51	7.9	9	8	95
5.39	5.86	557.45	8.42	7.87	10	8	95
5.42	6.01	555.11	8.38	7.76	11	8	95
5.42	6.15	559.74	8.51	8.01	14	8	95
5.46	6.13	558.57	8.51	7.94	15	8	95
5.42	6.15	559.97	8.46	7.9	16	8	95
5.43	6.18	559.04	8.37	7.83	17	8	95
5.43	6.05	559.21	8.31	7.83	18	8	95
5.43	5.89	558.11	8.35	7.87	21	8	95
5.45	6.19	559.52	8.35	7.87	22	8	95
5.43	6.1	557.14	8.31	8.01	23	8	95
5.34	5.99	557.46	8.38	8.07	24	8	95
5.34	5.88	560.1	8.47	7.97	25	8	95
5.31	5.61	559.05	8.53	8.07	28	8	95
5.33	5.72	560	8.55	8.39	29	8	95
5.3	5.81	560.92	8.56	8.42	30	8	95
5.27	5.76	561.88	8.55	8.53	31	8	95
5.27	5.59	563.84	8.53	8.67	1	9	95
5.29	5.92	569.17	8.53	8.98	5	9	95
5.32	5.83	570.17	8.62	8.8	6	9	95
5.34	5.89	570.29	8.58	8.67	7	9	95
5.35	5.95	572.68	8.53	8.87	8	9	95
5.34	6.08	573.91	8.55	8.87	11	9	95
5.3	6	576.51	8.71	8.56	12	9	95
5.3	5.99	578.77	8.8	8.39	13	9	95
5.27	5.91	583.61	9.06	8.53	14	9	95
5.29	5.82	583.35	9.27	8.87	15	9	95
5.28	5.73	582.77	9.06	8.8	18	9	95
5.19	5.81	584.2	9	8.7	19	9	95
5.17	5.8	586.77	9	8.94	20	9	95
5.23	5.65	583	9.02	8.73	21	9	95
5.2	5.59	581.73	9.15	8.6	22	9	95
5.24	5.62	581.81	9.34	8.7	25	9	95
5.28	5.5	581.41	9.33	8.63	26	9	95
5.26	5.52	581.04	9.28	8.67	27	9	95
5.26	5.7	585.87	9.24	8.8	28	9	95
5.24	5.64	584.41	9.31	8.63	29	9	95
5.25	5.5	581.72	9.28	8.53	2	10	95
5.34	5.54	582.34	9.22	8.46	3	10	95
5.31	5.37	581.47	9.3	8.25	4	10	95
5.27	5.45	582.63	9.2	8.35	5	10	95
5.29	5.35	582.49	9.19	8.32	6	10	95
5.27	5.22	577.52	9.15	8.18	10	10	95
5.3	5.4	579.46	9.08	8.32	11	10	95
5.29	5.46	583.1	9.19	8.84	12	10	95
5.29	5.37	584.5	9.2	8.8	13	10	95
5.32	5.4	583.03	9.19	8.56	16	10	95
5.27	5.68	586.78	9.35	8.53	17	10	95
5.24	5.96	587.44	9.39	8.35	18	10	95
5.24	6.03	590.65	9.53	8.35	19	10	95
5.26	5.95	587.46	9.44	8.32	20	10	95
5.27	6	585.06	9.28	8.21	23	10	95
5.21	6.07	586.54	9.2	8.21	24	10	95
5.22	5.97	582.47	9.2	8.14	25	10	95
5.22	6.11	576.72	9.13	8.07	26	10	95
5.24	6.23	579.7	9.09	8.25	27	10	95
